3 6 17 21 31 32 40 42 43 44 59 75 98 100 116 120 121 140 148 171 188 194 207 213 221 260 279 295 320 327 333 344 354 375 380 397 432 433 449 474 
9 15 18 23 33 45 48 63 69 89 128 133 151 178 180 182 187 232 241 270 278 283 289 328 331 338 341 346 366 384 385 387 395 411 422 450 459 477 481 498 
16 41 56 72 74 111 137 149 179 195 196 199 220 235 245 254 255 257 264 276 277 282 300 323 325 326 342 351 365 372 390 400 403 413 436 437 440 495 497 499 
7 12 25 47 66 85 92 99 102 130 143 150 160 163 169 173 185 186 193 203 219 233 250 256 297 303 329 353 358 367 368 379 389 393 405 426 427 448 453 475 
14 37 55 77 87 103 108 113 117 153 154 167 172 190 209 216 223 238 243 271 299 305 309 359 392 394 396 409 415 416 423 446 455 461 467 479 483 487 489 500 
2 28 71 73 80 93 105 123 126 135 138 139 152 156 157 165 168 206 212 215 242 247 249 251 287 291 298 317 348 352 378 382 435 445 452 463 464 468 469 494 
4 5 20 39 68 70 84 90 91 96 104 107 112 141 146 159 181 183 184 192 200 226 229 231 262 286 290 301 343 349 364 369 383 407 419 428 434 456 457 465 
1 11 54 62 83 94 125 158 204 214 225 227 240 244 252 265 274 292 316 318 330 332 336 339 350 356 357 362 412 420 431 438 441 443 458 462 470 471 484 492 
13 22 24 29 34 53 61 97 101 110 114 118 119 145 189 191 198 202 211 258 266 268 275 285 308 311 324 334 335 355 371 376 402 404 417 418 421 473 480 493 
35 38 65 81 82 95 106 115 122 129 136 155 161 162 166 197 210 218 222 230 237 272 273 281 307 314 319 321 337 361 388 398 414 424 439 447 451 460 466 488 
19 27 36 51 52 67 76 88 127 131 144 175 201 228 234 236 248 263 269 288 293 294 302 304 312 315 322 340 345 347 363 370 391 406 442 444 478 485 490 491 
8 10 26 46 49 50 60 78 79 86 124 134 147 164 170 174 205 208 217 224 239 246 253 259 280 296 310 374 377 381 386 399 408 425 429 430 454 472 482 496 
30 57 58 64 109 132 142 176 177 261 267 284 306 313 360 373 401 410 476 486 
